weighted_avg: 0.7636661674440484
dev_sentiment_accuracy: 0.47774750227066304
dev_paraphrase_accuracy: 0.8784385513556303
dev_sts_corr: 0.8742114809999559
Loss: 64069.824952482
Epoch: 8
from total Epochs: 10
Learning rate: 1e-05
Batch size: 64
