weighted_avg: 0.7616231560361291
dev_sentiment_accuracy: 0.47048138056312444
dev_paraphrase_accuracy: 0.8803680981595092
dev_sts_corr: 0.8726142920209726
Loss: 59852.001504046886
Epoch: 7
from total Epochs: 10
Learning rate: 1e-05
Batch size: 64
