Model 1 information:
weighted_avg: 0.7737761944827892
dev_sentiment_accuracy: 0.5004541326067211
dev_paraphrase_accuracy: 0.8802691470413616
dev_sts_corr: 0.8858579120719371
Loss: 29215.819261219985
Epoch: 11
from total Epochs: 50
Learning rate: 1e-05
Batch size: 64
