Model 1 information:
weighted_avg: 0.7670309231356435
dev_sentiment_accuracy: 0.47593097184377836
dev_paraphrase_accuracy: 0.8857609340985553
dev_sts_corr: 0.8834085192603386
Loss: 45927.326581216876
Epoch: 7
from total Epochs: 50
Learning rate: 1e-05
Batch size: 64
