Model 1 information:
weighted_avg: 0.7719832670725633
dev_sentiment_accuracy: 0.49591280653950953
dev_paraphrase_accuracy: 0.8845240451217099
dev_sts_corr: 0.8756624352515141
Loss: 27856.647471017663
Epoch: 10
from total Epochs: 50
Learning rate: 1e-05
Batch size: 64
