weighted_avg: 0.7448076823336591
dev_sentiment_accuracy: 0.444141689373297
dev_paraphrase_accuracy: 0.8632495547199683
dev_sts_corr: 0.8585369252288391
Loss: 86288.60570373203
Epoch: 3
from total Epochs: 10
Learning rate: 1e-05
Batch size: 64
