weighted_avg: 0.7644441766196836
dev_sentiment_accuracy: 0.48047229791099
dev_paraphrase_accuracy: 0.8810112804274688
dev_sts_corr: 0.8682891593572177
Loss: 43916.601099203814
Epoch: 9
from total Epochs: 10
Learning rate: 1e-05
Batch size: 64
