Model 1 information:
weighted_avg: 0.4840382895596619
dev_sentiment_accuracy: 0.1444141689373297
dev_paraphrase_accuracy: 0.6226499109439937
dev_paraphrase_accuracy: 0.3730087144695564
Loss: 0.5054028690986645
Epoch: 0
from total Epochs: 10
Learning rate: 0.001
Batch size: 64
