Model 1 information:
weighted_avg: 0.5238407719385438
dev_sentiment_accuracy: 0.2633969118982743
dev_paraphrase_accuracy: 0.6231941420938056
dev_paraphrase_accuracy: 0.3730087144695564
Loss: 0.47177997215961415
Epoch: 3
from total Epochs: 10
Learning rate: 0.001
Batch size: 64
